20
89.26614,-611.6539,242.12065,f
396.93225,-611.86273,241.88588,f
389.69617,-907.208,241.96027,f
-192.65373,-904.04724,241.45305,f
-194.94499,-614.45166,446.61664,f
-408.98538,-266.8143,511.02612,f
-199.70033,-13.431019,241.12791,f
-305.69815,297.37793,406.27792,f
-204.43289,584.6944,240.90956,f
392.46307,590.4714,245.209,f
401.53113,575.5963,479.15598,f
387.5894,291.68005,481.43555,f
95.29461,290.11713,503.78607,f
96.96234,291.52692,250.7522,f
96.06463,-11.735397,242.37488,f
397.29456,-10.052841,242.23494,f
393.8764,-6.014858,457.7582,f
393.57397,-313.3243,438.83804,f
99.977844,-311.83105,442.645,f
99.50171,-310.882,242.39444,f
